
[client]
name                           = Deuce
xres                           = 800
yres                           = 600
vol                            = 10
inverty                        = 0
windowed                       = 1
language                       = 0
mouse_sensitivity              = 5.000000
show_news                      = 1
multisamples                   = 0
greedy_meshing                 = 0
vsync                          = 1
show_fps                       = 0
voxlap_models                  = 0
force_displaylist              = 0
smooth_fog                     = 0
ambient_occlusion              = 0
camera_fov                     = 70.000000
hold_down_sights               = 0
chat_shadow                    = 1
show_player_arms               = 0

[controls]
move_forward                   = 119
move_backward                  = 115
move_left                      = 97
move_right                     = 100
jump                           = 32
crouch                         = 1073742048
sneak                          = 118
sprint                         = 1073742049
view_map                       = 109
reload                         = 114
cube_color_up                  = 1073741906
cube_color_down                = 1073741905
cube_color_left                = 1073741904
cube_color_right               = 1073741903
cube_color_sample              = 101
quit_game                      = 27
volume_up                      = 1073741911
volume_down                    = 1073741910
view_score                     = 9
change_team                    = 44
change_weapon                  = 46
screenshot                     = 1073741886
fullscreen                     = 1073741892
chat_global                    = 116
chat_command                   = 47
hide_hud                       = 1073741887
network_stats                  = 1073741893
last_tool                      = 113
tool_block                     = 50
tool_grenade                   = 52
tool_gun                       = 51
tool_spade                     = 49
save_map                       = 1073741890
